[Geometry]
JetAltitude = 98050.000000
JetSpeed = 600000.000000
MissileSpeedFactor = 1.500000
PropelForce = 900001.000000
StickDistance = 11000.000000
ShakeValue = 19000000.000000
RotationAngleLimit = 60.000000
DetectionRectMinArea = 75.000000

[Rendering]
ColorSaturation = 1.000000 1.000000 1.000000 1.000000
ColorContrast = 1.000000 1.000000 1.000000 1.000000
FilmGrainIntensity = 0.000000
CameraFOV = 1.022200
